nH: 12
hidden-output weights: [[ 0.102739 -1.958339  6.499233  0.292005 -1.069707  1.512695 -0.413554
  -1.161403 -0.689319 -1.910656 -0.963248  3.216002]
 [ 1.160679 -0.193923 -2.408172 -5.035327 -0.638482 -2.820395 -1.585594
   0.32332   2.673265  1.096699  5.22603   0.299571]
 [ 0.445755  0.269167  6.485293  0.065494 -2.144712  2.052107 -0.194473
   0.239418 -0.641351 -0.944323 -1.104213 -0.295092]]
input-hidden weights [[ 0.99  0.98  0.89 -1.18  0.43  1.76 -0.43 -1.81 -0.12 -0.68 -2.98 -1.8
  -1.49 -0.39 -0.25 -0.88 -1.27  0.22 -0.61 -0.89 -0.51  1.03  0.7  -0.54
   1.31  1.48  0.47 -0.67 -0.49 -0.78  1.06 -0.24  0.12  1.91 -2.31 -1.55
   0.13  0.07 -0.3   0.98 -1.71 -0.52  0.36 -0.04  1.88 -0.6  -0.82 -1.2
  -0.87  0.29  1.07  0.1   0.38  0.3   0.24 -1.12 -1.   -0.76 -0.61 -0.99
   0.75 -1.37 -0.01 -0.29]
 [ 1.05 -0.08  0.27 -0.6   0.45 -1.67  0.61  0.04  0.8  -0.89  1.05 -0.71
   0.05  0.7   0.64 -1.26 -0.93  0.64 -0.18 -0.29  0.2  -1.23 -1.16 -2.21
  -1.72 -0.29 -0.24  0.19 -1.16 -0.15  1.1  -1.21  0.27  0.96  0.06 -0.68
  -1.01 -0.08 -0.55 -0.45  2.01 -1.61 -0.71 -0.73 -0.27 -1.3  -0.73 -1.53
   0.56 -0.48 -0.75 -1.61 -0.24  0.48 -1.    0.01  0.52 -0.78  1.61 -0.35
   0.99  0.6   0.12 -0.57]
 [-0.1   0.96  0.78 -0.04  0.97  1.39 -0.1  -1.42  0.14 -1.07 -0.13  0.8
  -0.04  0.05  1.16 -0.06 -1.54  1.48 -1.02  0.86  0.4  -1.39 -1.4  -0.13
  -1.25 -0.71  1.05  1.22 -0.    1.17 -0.91 -0.53 -0.12 -1.24 -0.74  1.19
  -0.56 -0.18  0.44  0.27  0.7  -0.02 -1.49 -1.4   0.38  0.42  2.04 -1.87
  -0.77 -1.96 -0.79 -1.07 -0.89 -0.81 -0.36 -2.14 -0.69  1.02  0.79  0.5
  -0.8  -0.5  -0.52  0.23]
 [ 0.93  0.99  0.74 -0.82  0.3   0.56  0.9   0.28 -0.05  0.11  0.42  0.43
   0.27 -0.3   0.88  0.66  0.79  0.86  0.88  0.99 -1.31 -0.3  -0.16  1.04
   0.02 -2.3   0.19 -0.79  0.08  1.84  3.03  0.31  0.36 -0.52  0.62 -1.66
   0.    2.4  -0.4  -0.98 -0.46 -0.44  0.83 -0.15  0.77  0.63  0.39  0.01
  -1.06 -1.42 -0.35 -0.45  0.   -0.15 -1.71  2.33  1.71  0.26 -0.21  0.83
  -1.2   0.16 -1.61  0.01]
 [-0.59  0.11 -0.03  0.32  1.71  0.67  0.59  0.24  0.97  0.62 -0.34  1.05
  -0.33  0.55 -0.71 -0.64 -0.18  0.23  0.05  0.06 -0.21 -0.71  1.08  1.64
   0.78 -1.07 -1.3   1.45  1.7   0.11 -0.51  1.6  -1.46  0.31  1.21  0.94
   1.14  0.    0.71  0.14 -0.58 -0.5   1.36  0.59  1.2   2.05 -0.56  1.33
  -1.13 -0.85 -0.54 -1.15 -0.51  0.43  0.46 -0.37 -0.76 -2.06  0.2   0.88
   0.22 -0.27  0.4  -0.15]
 [ 0.45  1.15 -0.29 -0.84  0.31  0.99  1.83  0.67  0.36  0.34 -0.59  1.3
   0.73  0.65 -0.78 -1.63  1.76 -0.15 -0.25  0.21 -0.25  0.37 -1.09 -1.05
  -0.13  1.1   1.98  0.42  0.56 -1.58  0.57  0.33 -0.41  0.48 -0.16  1.43
   0.85  1.06 -0.69 -1.2  -0.37 -0.09 -1.29 -0.54 -0.03 -0.97 -0.33 -1.31
  -1.44 -1.19 -1.1  -1.79  1.24 -0.66 -0.15  0.55 -2.23  0.1  -1.14  0.61
  -1.41  0.18 -1.62 -0.74]
 [-0.2  -0.43 -1.66 -0.11 -0.05  0.48 -0.19  0.29 -0.07 -0.05 -0.28  0.04
  -0.58  1.2   0.63  1.03  2.14 -1.42  1.11  1.34  0.53  0.81  0.17  0.07
   0.29  0.8   0.43 -0.41 -0.47 -1.71  1.2  -0.47 -0.07 -0.01  1.26  2.35
  -1.7  -0.53  1.25  0.69  0.65 -0.01 -1.25 -0.1  -1.33  1.15  1.08 -1.52
  -0.05  1.56  0.61 -0.61 -1.42 -0.62  0.62  1.16  0.55 -0.79  1.17  0.99
   1.91  0.31  0.51 -0.46]
 [ 0.5  -0.46 -2.39 -0.44  0.05  0.37 -0.28 -0.2  -1.76 -0.15  0.15 -0.4
  -1.06 -0.98 -1.78  0.78  1.03 -0.35 -0.58  0.22 -0.72  0.55  0.09  0.75
   1.56  2.18 -0.73  0.97  0.16  2.14 -0.15  0.15  1.63 -0.31 -1.36  1.01
   0.18 -0.67  0.34 -0.41 -0.41 -0.27 -0.47 -0.52  0.94 -1.58  0.56 -1.79
  -0.91 -1.   -0.95  1.44 -0.57 -0.13 -0.41 -0.96  0.06  0.44 -0.33 -0.79
  -0.26  0.72 -0.91 -1.33]
 [ 0.91  0.45  0.97 -0.2  -0.22  2.08 -0.23  1.37 -0.51  1.71  0.2  -0.76
   0.29  2.12  0.76  0.24 -0.41  0.51  0.7   0.18  0.36 -0.21 -0.51 -0.25
  -1.52  0.51  2.17  1.18 -1.17 -0.57  2.33  0.42 -0.12 -1.04  0.03 -0.45
  -0.01 -2.21  1.99 -1.08 -0.22  0.85 -0.96 -0.03  1.09  0.07  0.42 -1.16
   1.74 -1.47  2.08  0.83  1.42 -0.93 -0.59  0.36 -0.8   1.26 -0.06  0.58
   0.51 -0.94  0.97 -0.95]
 [-1.1  -0.38  0.73 -0.41  0.74  0.81  0.56 -0.58  0.6   0.24  1.21  0.17
  -0.4   2.19 -1.19 -1.51 -0.15  0.93  0.52  0.1  -0.34  1.39  1.11  0.57
  -1.67  0.13 -0.41  0.73  0.69 -0.36 -0.3   0.37 -0.99 -1.51  2.1   1.1
  -1.23 -0.91  1.75  0.05  0.57  1.36  1.27 -0.38 -0.44 -1.06 -1.51 -0.68
   0.18 -0.37 -0.03 -0.66  1.03  0.65 -0.47 -0.65 -2.31 -0.78  0.19  0.89
   0.64 -1.21  0.86 -0.08]
 [ 0.4  -0.98  1.03 -1.55 -1.31 -0.27  1.01  0.49  0.76 -0.02 -0.46 -0.26
   0.7   0.49 -0.15  0.67 -0.53  1.15  0.41 -0.06  0.95 -0.12 -0.29  0.02
  -1.62 -0.77 -1.88 -1.31  0.89  1.77  0.75  0.49 -1.26 -0.24 -0.52  0.1
   2.61 -1.95 -0.68  0.88 -1.21 -1.1  -0.11  0.9   1.28 -0.7  -1.47 -1.32
  -0.32  1.85 -1.2   1.57 -0.47  0.6  -0.39 -0.74  0.61  0.17 -0.8  -0.44
   0.73  0.89  1.43  1.44]
 [ 0.   -0.82 -1.18 -2.92  1.01 -1.44 -0.97 -0.31 -0.76  0.68 -1.    0.32
  -1.8  -0.18  0.78  0.09  1.02  0.44  0.08  1.16  0.94 -0.48 -0.72 -0.61
   0.7  -0.9   0.02 -0.26  0.13  0.58  0.87  0.89  0.4   0.04 -0.48  1.68
  -0.95 -0.84  1.16  1.17  0.58 -1.03 -0.29 -0.69  1.18 -0.91  1.81  0.03
   1.75  0.39  0.04 -0.93 -1.31 -1.04  0.52  0.69  0.93  0.1  -0.95  0.97
   0.44  0.59  1.62  0.32]]
hidden-output bias [[ 0.]
 [ 0.]
 [ 0.]]
input-hidden bias [[ 0.]
 [ 0.]
 [ 0.]
 [ 0.]
 [ 0.]
 [ 0.]
 [ 0.]
 [ 0.]
 [ 0.]
 [ 0.]
 [ 0.]
 [ 0.]]
Accuracy: 99.30313588850174
For  0
Intermediate Outputs [[ 0.     0.     0.     1.     1.     0.038  1.     0.     1.     1.     0.
   0.   ]
 [ 0.     0.     0.     1.     1.     0.038  1.     0.     1.     1.     0.
   0.   ]
 [ 0.     0.     0.     1.     1.     0.038  1.     0.     1.     1.     0.
   0.   ]
 [ 0.     0.     0.     1.     1.     0.038  1.     0.     1.     1.     0.
   0.   ]
 [ 0.     0.     0.     1.     1.     0.038  1.     0.     1.     1.     0.
   0.   ]
 [ 0.     0.     0.     1.     1.     0.038  1.     0.     1.     1.     0.
   0.   ]
 [ 0.     0.     0.     1.     1.     0.038  1.     0.     1.     1.     0.
   0.   ]
 [ 0.     0.     0.     1.     1.     0.038  1.     0.     1.     1.     0.
   0.   ]
 [ 0.     0.     0.     1.     1.     0.038  1.     0.     1.     1.     0.
   0.   ]
 [ 0.     0.     0.     1.     1.     0.038  1.     0.     1.     1.     0.
   0.   ]
 [ 0.     0.     0.     1.     1.     0.038  1.     0.     1.     1.     0.
   0.   ]
 [ 0.     0.     0.     1.     1.     0.038  1.     0.     1.     1.     0.
   0.   ]]
Final Outputs [[ 0.5    0.5    0.5    0.969  0.969  0.533  0.969  0.5    0.969  0.969
   0.5    0.5  ]
 [ 0.5    0.5    0.5    0.13   0.13   0.482  0.13   0.5    0.13   0.13   0.5
   0.5  ]
 [ 0.5    0.5    0.5    0.986  0.986  0.54   0.986  0.5    0.986  0.986
   0.5    0.5  ]]
For  2
Intermediate Outputs [[ 0.     0.     0.     0.999  1.     0.     0.059  0.     1.     1.     1.
   0.   ]
 [ 0.     0.     0.     0.999  1.     0.     0.059  0.     1.     1.     1.
   0.   ]
 [ 0.     0.     0.     0.999  1.     0.     0.059  0.     1.     1.     1.
   0.   ]
 [ 0.     0.     0.     0.999  1.     0.     0.059  0.     1.     1.     1.
   0.   ]
 [ 0.     0.     0.     0.999  1.     0.     0.059  0.     1.     1.     1.
   0.   ]
 [ 0.     0.     0.     0.999  1.     0.     0.059  0.     1.     1.     1.
   0.   ]
 [ 0.     0.     0.     0.999  1.     0.     0.059  0.     1.     1.     1.
   0.   ]
 [ 0.     0.     0.     0.999  1.     0.     0.059  0.     1.     1.     1.
   0.   ]
 [ 0.     0.     0.     0.999  1.     0.     0.059  0.     1.     1.     1.
   0.   ]
 [ 0.     0.     0.     0.999  1.     0.     0.059  0.     1.     1.     1.
   0.   ]
 [ 0.     0.     0.     0.999  1.     0.     0.059  0.     1.     1.     1.
   0.   ]
 [ 0.     0.     0.     0.999  1.     0.     0.059  0.     1.     1.     1.
   0.   ]]
Final Outputs [[ 0.5    0.5    0.5    0.969  0.969  0.5    0.551  0.5    0.969  0.969
   0.969  0.5  ]
 [ 0.5    0.5    0.5    0.13   0.13   0.5    0.472  0.5    0.13   0.13
   0.13   0.5  ]
 [ 0.5    0.5    0.5    0.986  0.986  0.5    0.562  0.5    0.986  0.986
   0.986  0.5  ]]
For  5
Intermediate Outputs [[ 0.     0.     1.     1.     1.     1.     1.     0.001  1.     1.     0.
   0.   ]
 [ 0.     0.     1.     1.     1.     1.     1.     0.001  1.     1.     0.
   0.   ]
 [ 0.     0.     1.     1.     1.     1.     1.     0.001  1.     1.     0.
   0.   ]
 [ 0.     0.     1.     1.     1.     1.     1.     0.001  1.     1.     0.
   0.   ]
 [ 0.     0.     1.     1.     1.     1.     1.     0.001  1.     1.     0.
   0.   ]
 [ 0.     0.     1.     1.     1.     1.     1.     0.001  1.     1.     0.
   0.   ]
 [ 0.     0.     1.     1.     1.     1.     1.     0.001  1.     1.     0.
   0.   ]
 [ 0.     0.     1.     1.     1.     1.     1.     0.001  1.     1.     0.
   0.   ]
 [ 0.     0.     1.     1.     1.     1.     1.     0.001  1.     1.     0.
   0.   ]
 [ 0.     0.     1.     1.     1.     1.     1.     0.001  1.     1.     0.
   0.   ]
 [ 0.     0.     1.     1.     1.     1.     1.     0.001  1.     1.     0.
   0.   ]
 [ 0.     0.     1.     1.     1.     1.     1.     0.001  1.     1.     0.
   0.   ]]
Final Outputs [[ 0.5    0.5    0.969  0.969  0.969  0.969  0.969  0.501  0.969  0.969
   0.5    0.5  ]
 [ 0.5    0.5    0.13   0.13   0.13   0.13   0.13   0.5    0.13   0.13   0.5
   0.5  ]
 [ 0.5    0.5    0.986  0.986  0.986  0.986  0.986  0.501  0.986  0.986
   0.5    0.5  ]]
