nH: 10
hidden-output weights: [[-0.642327 -1.074939 -3.87847   1.121739  2.104313  1.623699  1.506593
  -0.121609 -1.949903  2.591869]
 [ 1.90898   2.217318  0.162077 -0.652908 -1.83138  -0.110114 -5.393114
   1.003673 -0.624539 -0.236834]
 [-0.597912 -1.490012 -4.065526 -1.245225  2.231796  0.9209    1.404236
  -0.054192 -1.598019  2.545754]]
input-hidden weights [[ 0.49  0.41  0.92 -0.13 -0.05  1.9  -0.63 -0.37  0.06  0.23 -0.26  0.02
  -0.29 -2.27  1.56  3.5   0.93 -0.68 -1.43  0.13  0.73  1.16 -0.42  0.3
   2.15  0.82 -2.12 -0.97 -0.89 -0.39 -0.95  1.11 -0.21  0.13 -2.17 -1.13
   1.48 -0.46  0.33  0.56  1.54 -0.89  1.41  1.21  1.94  0.53 -1.01 -1.06
  -1.69 -0.12 -0.37  2.71 -0.56  0.89  0.9  -0.48  2.02 -0.19  0.4   0.15
  -0.97  0.17  0.24  0.04]
 [-0.26  1.1   0.24  0.24 -0.51 -1.75 -0.02  0.12 -1.83 -0.79 -0.09 -2.09
   1.41 -1.44  0.12 -0.2   0.77  1.33 -0.37 -1.28  1.   -0.23 -1.56  0.32
  -1.31 -1.42 -1.5  -0.08  0.1  -0.06 -0.28  1.    0.62 -1.21  0.02  0.5
  -0.23  0.89 -1.35  0.4   0.79  0.48 -0.01  0.65  0.84 -0.12 -0.49  1.38
   0.39  0.34  1.01  0.36  0.5   0.46 -0.34 -0.67  2.01  0.16  0.82 -0.14
  -0.07  0.64  1.03 -0.84]
 [-1.   -2.22  0.1  -0.23 -0.   -0.81 -0.92  1.03  1.03  0.04 -1.83 -0.72
   0.35  0.26 -0.13 -1.72 -0.04 -0.18  0.02 -0.36 -0.06  1.32 -0.19  0.43
  -0.75  0.52  0.37 -1.53  0.75 -0.42  1.34  1.61  0.81 -0.45  0.4  -1.13
   0.87 -0.61 -0.73 -0.19  0.92  0.48  2.51  0.79  0.23  1.14 -0.38  0.07
  -1.32 -0.7  -0.14  1.23 -0.08  0.08 -0.76 -1.67  0.78 -1.59 -0.06 -0.85
   0.71  0.39  0.41  0.97]
 [-1.23  0.17  0.28 -0.35  0.17 -1.8  -0.11 -0.27 -0.79  0.63  0.33 -0.16
   0.19 -0.11 -0.32 -1.04  1.23 -0.72 -0.95 -0.9  -0.48  1.07 -1.02  1.58
   0.19  0.42 -2.49  0.96 -1.41 -1.8  -0.04 -1.32 -0.93  0.3  -0.89 -0.13
  -1.96  0.3  -0.91  0.27  1.5  -1.49  0.1  -1.76  0.94 -0.03  0.77  1.22
   0.62 -1.27 -1.75 -0.47  0.98  1.21 -0.87 -0.7   0.22  0.08 -0.27  0.34
   0.71  1.04 -1.81 -1.38]
 [-1.5  -0.65  0.19  2.32  0.92  0.7   1.08 -0.36  0.44 -0.72 -2.66 -0.08
  -0.46  0.5   0.27 -1.01  0.98  1.22  1.23  2.07  0.4  -1.46 -0.36 -0.64
   1.52  0.78  0.43 -0.12  0.37 -1.11 -1.21 -0.26  0.7  -2.61 -1.42  0.3
   1.16  1.89  1.8   0.28 -0.13  0.65 -0.56 -1.08 -0.37 -0.71  0.54  1.27
  -0.16  0.13 -1.54 -0.75 -1.43  0.85 -1.37  0.01 -0.55 -0.5   0.14  0.02
  -1.4   0.59  0.68 -0.9 ]
 [ 0.54  0.12 -1.48  1.09 -0.15 -0.03 -0.06 -0.8   0.28 -0.08  0.56  0.47
  -0.96  0.46 -0.18 -0.02  0.87  0.59  0.78 -0.04  0.41 -1.14  0.54  0.4
  -0.57 -0.59 -1.01 -1.39  0.09 -0.34 -0.8   0.52  0.16 -1.16 -1.04 -0.53
  -1.78 -0.68 -0.42 -1.05  0.42 -0.22  1.31 -0.81 -0.75  0.61  1.82  0.03
   0.13 -0.73 -0.63  0.46 -0.15 -1.    1.13 -0.74  0.09  0.36  0.21 -1.37
   0.16 -0.09  1.84  1.04]
 [ 0.63  0.03 -0.38 -0.61  1.84  0.78  0.69  1.41 -0.35 -0.14 -0.1   0.23
   0.2   0.12 -1.26  0.75 -1.59  0.01  0.21  1.47 -1.12 -0.04  0.4  -0.52
   0.82  0.29  0.86 -0.22  0.58 -1.55 -0.1  -0.36 -2.14  2.51  1.11 -1.02
  -0.87  0.13  0.26 -0.23 -0.32 -1.19  0.06 -0.31 -0.    2.13  2.34  1.28
  -0.27 -0.1   0.09  0.05 -0.5  -0.79  0.06  0.2   0.93  0.29 -0.08  1.71
  -2.17 -0.34 -2.02 -1.35]
 [-0.83  0.68  0.35 -0.53 -0.27  0.34 -1.08 -0.85  0.31  0.79  1.85  0.65
  -0.22  0.64  1.92 -2.11 -0.16 -1.14  0.3   1.07  0.46 -0.63  1.11 -0.36
   0.31  0.82  0.13 -1.88  0.69  0.11  1.    1.2   1.01  0.1  -0.85 -0.5
   0.44  0.14 -0.89 -0.7  -0.74 -1.46  0.61 -0.71 -0.76 -0.8  -1.2  -0.17
   0.19  0.21  1.21  0.09 -0.78 -0.16 -0.51 -0.17  0.23  0.85  0.9   0.27
  -1.32  0.88  0.62  0.94]
 [ 0.1   1.09  0.73  0.72 -0.9  -1.4   0.41 -0.35 -0.55  0.61 -0.89  1.52
   0.14 -0.74 -0.25  0.71 -1.34  0.45  0.74 -2.17  0.1  -0.83 -0.39 -0.6
   0.82  0.36 -0.57 -1.97 -0.22  0.02 -0.61  0.6   0.18 -0.53 -0.16 -0.15
  -0.34  1.08 -0.28 -0.51 -1.8  -0.8   2.76 -0.29  0.17 -0.27  0.19  0.63
  -1.14  0.02  0.92  1.1   0.55  1.7  -0.13 -2.11  1.57  1.49 -2.19 -1.29
   0.65  0.29  1.39 -0.31]
 [-1.33  0.77  0.59 -0.98  1.71  0.16  0.23  0.43  2.13  1.6  -1.86  0.15
   1.11 -0.06 -0.07 -0.88 -0.41  0.9   0.27 -0.53 -0.98 -1.84  0.57  0.91
  -1.37 -0.25  1.22  1.07  0.22  0.53 -1.16 -0.35  1.16 -1.31  0.62 -0.86
   1.81  0.39 -1.28 -0.85  0.88 -0.32  0.27 -0.31  0.89 -1.9   0.67 -0.66
  -0.86  0.09 -1.07 -0.81  0.05 -0.29 -0.52  0.17 -2.02 -0.27  0.7   0.39
  -0.31 -1.56 -0.04  1.55]]
hidden-output bias [[ 0.]
 [ 0.]
 [ 0.]]
input-hidden bias [[ 0.]
 [ 0.]
 [ 0.]
 [ 0.]
 [ 0.]
 [ 0.]
 [ 0.]
 [ 0.]
 [ 0.]
 [ 0.]]
Accuracy: 98.60953588850174
For  0
Intermediate Outputs [[ 0.     0.     0.     1.     0.297  1.     0.999  0.     1.     1.   ]
 [ 0.     0.     0.     1.     0.297  1.     0.999  0.     1.     1.   ]
 [ 0.     0.     0.     1.     0.297  1.     0.999  0.     1.     1.   ]
 [ 0.     0.     0.     1.     0.297  1.     0.999  0.     1.     1.   ]
 [ 0.     0.     0.     1.     0.297  1.     0.999  0.     1.     1.   ]
 [ 0.     0.     0.     1.     0.297  1.     0.999  0.     1.     1.   ]
 [ 0.     0.     0.     1.     0.297  1.     0.999  0.     1.     1.   ]
 [ 0.     0.     0.     1.     0.297  1.     0.999  0.     1.     1.   ]
 [ 0.     0.     0.     1.     0.297  1.     0.999  0.     1.     1.   ]
 [ 0.     0.     0.     1.     0.297  1.     0.999  0.     1.     1.   ]]
Final Outputs [[ 0.5    0.5    0.5    0.007  0.186  0.007  0.007  0.5    0.007  0.007]
 [ 0.5    0.5    0.5    0.979  0.758  0.979  0.979  0.5    0.979  0.979]
 [ 0.5    0.5    0.5    0.001  0.112  0.001  0.001  0.5    0.001  0.001]]
For  2
Intermediate Outputs [[ 0.986  0.     1.     0.365  1.     1.     0.929  1.     1.     1.   ]
 [ 0.986  0.     1.     0.365  1.     1.     0.929  1.     1.     1.   ]
 [ 0.986  0.     1.     0.365  1.     1.     0.929  1.     1.     1.   ]
 [ 0.986  0.     1.     0.365  1.     1.     0.929  1.     1.     1.   ]
 [ 0.986  0.     1.     0.365  1.     1.     0.929  1.     1.     1.   ]
 [ 0.986  0.     1.     0.365  1.     1.     0.929  1.     1.     1.   ]
 [ 0.986  0.     1.     0.365  1.     1.     0.929  1.     1.     1.   ]
 [ 0.986  0.     1.     0.365  1.     1.     0.929  1.     1.     1.   ]
 [ 0.986  0.     1.     0.365  1.     1.     0.929  1.     1.     1.   ]
 [ 0.986  0.     1.     0.365  1.     1.     0.929  1.     1.     1.   ]]
Final Outputs [[ 0.007  0.5    0.007  0.14   0.007  0.007  0.01   0.007  0.007  0.007]
 [ 0.978  0.5    0.979  0.802  0.979  0.979  0.972  0.979  0.979  0.979]
 [ 0.001  0.5    0.001  0.073  0.001  0.001  0.002  0.001  0.001  0.001]]
For  5
Intermediate Outputs [[ 0.     0.005  0.     0.025  0.999  1.     0.     0.999  1.     1.   ]
 [ 0.     0.005  0.     0.025  0.999  1.     0.     0.999  1.     1.   ]
 [ 0.     0.005  0.     0.025  0.999  1.     0.     0.999  1.     1.   ]
 [ 0.     0.005  0.     0.025  0.999  1.     0.     0.999  1.     1.   ]
 [ 0.     0.005  0.     0.025  0.999  1.     0.     0.999  1.     1.   ]
 [ 0.     0.005  0.     0.025  0.999  1.     0.     0.999  1.     1.   ]
 [ 0.     0.005  0.     0.025  0.999  1.     0.     0.999  1.     1.   ]
 [ 0.     0.005  0.     0.025  0.999  1.     0.     0.999  1.     1.   ]
 [ 0.     0.005  0.     0.025  0.999  1.     0.     0.999  1.     1.   ]
 [ 0.     0.005  0.     0.025  0.999  1.     0.     0.999  1.     1.   ]]
Final Outputs [[ 0.5    0.494  0.5    0.469  0.007  0.007  0.5    0.007  0.007  0.007]
 [ 0.5    0.505  0.5    0.524  0.979  0.979  0.5    0.979  0.979  0.979]
 [ 0.5    0.491  0.5    0.457  0.001  0.001  0.5    0.001  0.001  0.001]]
