 python3 neuralnets.py 12
nH: 12
hidden-output weights: [[-0.809117 -1.335307  1.019619  3.364863  1.849852  1.183383 -0.041411
   1.772082 -6.874779  0.722324 -1.44093   0.475686]
 [ 1.324122  1.628075  0.278075 -1.811373  0.146636  0.42892  -0.877748
  -5.957374  1.980181  2.404859 -1.053411 -1.011862]
 [ 0.625186 -0.650964 -0.352283 -0.152793  1.765644  1.095769 -0.214757
   1.747422 -7.265925  0.418058  1.12734  -0.896347]]
input-hidden weights [[-0.86 -0.62  0.91 -0.15  0.27 -0.02  1.18 -1.14 -0.03 -0.54 -1.56 -1.32
  -1.64 -1.92  0.83  0.36 -1.6  -0.54 -0.72 -1.52 -0.25  1.3  -0.87  1.18
  -1.14 -0.96  0.36  0.2   0.89 -0.44 -1.08  0.28 -0.86  0.97 -0.18  0.6
  -0.17 -0.52  1.03  0.11 -0.6   0.14  0.49 -0.01 -0.99 -0.37 -0.88  0.25
   1.45 -1.26 -0.77  0.79 -0.28 -0.78  0.78  1.45  0.45  0.41 -1.1   0.95
   0.69  1.52  1.22  1.51]
 [-2.09 -0.87 -0.78 -0.4   0.74  0.11 -0.01 -0.36 -0.86 -0.64  1.11 -0.29
   1.64 -0.07 -1.93  1.28 -0.38 -1.92  1.71  1.26  0.44  0.8  -0.36  0.27
   0.39  1.05 -1.32  1.8   1.24  1.41 -0.05 -0.24 -1.09 -0.95  1.03 -0.73
  -0.62  0.08  1.94  1.39  0.47  1.5  -0.96  1.24 -1.55 -0.87 -0.63 -1.5
  -1.11 -0.67  0.43  0.96 -1.14 -0.6   1.34  0.22  0.92  0.34 -0.19 -0.8
   1.28 -2.17  0.71 -0.51]
 [ 1.84  1.13 -0.25 -0.03 -1.26 -0.04  0.01  1.46 -2.26  0.37  1.26 -1.63
   0.52  1.29  0.82 -0.04  0.08 -0.04 -0.99  1.66  1.01  0.75  2.37 -1.06
  -0.53  0.5   2.11 -0.19 -0.47  0.42  1.42  1.34  0.97  1.94  0.22  0.42
  -0.52  0.57 -0.96 -1.76 -1.22  1.2  -0.8  -1.09  0.62 -0.54  0.18  0.79
   0.97 -0.66  0.04  1.27 -1.17  1.28  1.39 -1.92  0.94 -0.59  1.14  1.44
  -0.28  0.35 -0.33  0.17]
 [-0.95 -0.42 -1.29 -0.06  0.38  0.53 -1.23 -1.07 -1.15 -1.64 -0.43  1.39
  -0.83  0.16 -0.66  1.05 -0.49 -0.81 -0.04  1.79  0.67 -0.01 -0.64  0.12
  -0.85  0.47 -0.35 -0.15 -0.19 -0.21 -0.51  1.2   1.76 -1.7  -0.45 -1.09
  -1.04 -0.82 -0.44  0.98 -0.39  0.74  0.01 -1.02 -1.53 -1.49  0.13  0.85
   0.78  0.03 -0.41 -0.24 -1.31 -0.25 -0.3  -0.53 -1.37  0.68 -1.21 -0.64
   1.17  0.18  0.88 -0.42]
 [-0.06  1.04  2.08  1.43  1.09 -0.81  1.43  2.56  0.15  0.99 -1.25  0.1
   0.7   1.1   1.03  0.37  0.85  1.73  0.45  1.59  1.27 -0.51 -1.05  0.41
  -0.6  -1.14  1.46  0.21 -0.77 -0.35  0.56 -0.63  1.23  3.06 -0.96  0.59
  -0.97  1.23  0.68  1.32 -0.73 -2.78 -0.85 -0.21 -0.02  0.4  -0.16 -1.13
  -0.74 -0.88  0.22  0.19 -0.12  0.36 -2.01 -3.64 -1.95 -0.54  2.06 -0.54
  -0.1  -0.41  0.78  0.15]
 [-2.05  1.09  2.51  0.82  0.75  0.39 -0.82  0.32 -0.31  1.   -0.63  0.49
  -0.16  1.75 -1.55  0.88 -0.96 -0.45  2.54 -1.14  0.26  0.27  0.21 -0.54
   0.37  1.31  0.53  0.29  0.16  0.38 -0.21  0.26 -0.74 -0.72 -0.52  0.37
  -0.31 -0.09  0.33  0.31 -1.67 -0.7   0.82 -0.1  -1.15 -0.91 -0.39  0.51
   1.03  0.42  0.07 -0.09  0.43 -0.64  1.07  1.4   0.53 -1.21 -1.69  0.85
   0.15 -0.24 -0.11 -0.74]
 [ 0.43 -0.32 -0.22 -1.16  1.83 -0.09  0.91  0.09 -0.1   0.47  0.56 -0.45
  -0.36 -0.53  0.03  1.51  0.05 -0.45  0.65  1.12  0.2   1.99  0.38  0.3
  -1.38  2.29 -0.42 -0.48  1.71  0.92 -1.08  1.31  0.39 -0.2   0.19  0.76
   1.11  0.79 -0.06  0.06  1.32  1.82 -1.67  1.46 -0.52  0.1  -0.77  1.58
  -0.84  0.52  0.36 -0.7  -0.42 -0.79  0.47  0.93  0.83 -0.19 -0.6   0.64
   2.21  0.1   1.62 -0.78]
 [ 0.96  0.39 -0.38  1.28 -0.11  0.56  1.39 -1.21  0.89 -1.22  0.71  0.95
   0.24  0.07 -0.03  1.75  1.28 -0.11  0.74  0.11 -0.62  1.42 -0.12  0.2
   0.43  0.35  1.49  2.    0.18 -0.99  2.44  0.21  0.74  0.9   0.36 -1.12
  -0.6   1.    2.28  0.96 -0.04 -0.3  -0.06  0.13 -0.34 -0.13  1.83 -0.34
   0.7  -0.98 -1.09 -1.75 -1.   -0.5   0.05 -1.17 -0.85  1.56 -0.2   0.18
  -0.63 -2.3  -1.01  0.63]
 [-0.8   1.82  0.55 -0.2  -0.27 -1.42 -0.51  0.24  0.14 -0.56 -1.11  0.4
   0.01 -0.92  0.88  0.02 -0.66 -0.78  0.81 -0.93  0.19  1.75  0.09  0.88
   1.    1.   -1.11 -0.93  0.52 -0.05  0.8  -1.41 -1.15  1.72  0.31 -0.85
   0.39 -0.42 -0.17 -1.79 -1.09 -0.05  2.34  0.76 -0.09 -0.19 -0.72 -0.41
  -0.45 -0.78  1.28  0.5  -0.09  0.94  0.82  0.33 -0.04  3.21 -1.37 -0.56
   0.49 -0.02  1.08  0.43]
 [-0.34  0.18  0.21  0.92 -0.83 -0.53  0.71 -2.2  -0.39  0.05  0.49 -0.28
  -1.33  0.51 -1.48 -1.4  -0.46 -0.56 -0.2  -0.25 -0.09  1.77  1.49 -0.36
   0.06 -1.02 -0.86  1.01  1.68 -0.76 -0.36  0.5  -0.33  2.08 -0.62 -0.39
   0.82  0.57 -0.83  1.43  0.99 -1.35 -1.06  1.32  0.04 -1.35  0.03 -1.39
   0.26 -1.15 -0.05  0.57  0.31  0.02  0.24  0.97  1.34 -0.69  0.84  0.74
  -1.54  1.47  0.75  1.3 ]
 [ 0.85 -0.36  0.18  2.21  0.3  -0.66 -0.07 -0.88 -1.6  -0.01 -0.29  0.49
   2.11  0.39  1.28 -0.02  0.7  -0.48  1.53 -1.05  1.2   0.72  0.44  0.94
   1.58 -2.62  0.63  0.37  1.48 -1.28  0.95  2.89  0.3  -1.95 -0.72  1.73
  -0.62  0.11 -0.92  0.92  0.43  1.74  0.11 -0.32 -2.16 -0.06  0.69  1.31
  -0.84 -2.01 -0.07  0.02  1.23  0.27  1.41 -0.9  -0.16  0.64  0.27  0.47
  -0.48  0.45 -0.55 -0.84]
 [ 0.12 -2.18 -0.21  0.56  0.44  0.76 -0.33  0.13  0.4   0.53 -1.38  0.31
  -1.74  0.9  -0.64  0.28  0.88 -0.67  1.86  2.15  0.09 -1.83  0.77  0.18
   0.48 -0.5   0.9   0.06  0.68  1.14 -0.04  0.97  0.05  1.28 -1.41  0.06
  -0.89  0.19 -1.22 -0.29 -0.99 -0.61  0.69  0.3  -0.55 -0.24 -0.17  0.85
  -0.03  0.67  0.92 -0.95 -0.98  1.72 -0.81 -1.74 -0.22  1.19 -0.79  2.19
   0.69  0.66  0.71 -0.14]]
hidden-output bias [[ 0.]
 [ 0.]
 [ 0.]]
input-hidden bias [[ 0.]
 [ 0.]
 [ 0.]
 [ 0.]
 [ 0.]
 [ 0.]
 [ 0.]
 [ 0.]
 [ 0.]
 [ 0.]
 [ 0.]
 [ 0.]]
Accuracy: 98.25783972125436
For  0
Intermediate Outputs [[  2.14334357e-08   9.94423971e-01   1.00000000e+00   2.48943815e-13
    1.00000000e+00   1.00000000e+00   9.99904448e-01   9.99999997e-01
    9.99518662e-01   1.97813713e-02   1.00000000e+00   9.99975045e-01]
 [  2.14334357e-08   9.94423971e-01   1.00000000e+00   2.48943815e-13
    1.00000000e+00   1.00000000e+00   9.99904448e-01   9.99999997e-01
    9.99518662e-01   1.97813713e-02   1.00000000e+00   9.99975045e-01]
 [  2.14334357e-08   9.94423971e-01   1.00000000e+00   2.48943815e-13
    1.00000000e+00   1.00000000e+00   9.99904448e-01   9.99999997e-01
    9.99518662e-01   1.97813713e-02   1.00000000e+00   9.99975045e-01]
 [  2.14334357e-08   9.94423971e-01   1.00000000e+00   2.48943815e-13
    1.00000000e+00   1.00000000e+00   9.99904448e-01   9.99999997e-01
    9.99518662e-01   1.97813713e-02   1.00000000e+00   9.99975045e-01]
 [  2.14334357e-08   9.94423971e-01   1.00000000e+00   2.48943815e-13
    1.00000000e+00   1.00000000e+00   9.99904448e-01   9.99999997e-01
    9.99518662e-01   1.97813713e-02   1.00000000e+00   9.99975045e-01]
 [  2.14334357e-08   9.94423971e-01   1.00000000e+00   2.48943815e-13
    1.00000000e+00   1.00000000e+00   9.99904448e-01   9.99999997e-01
    9.99518662e-01   1.97813713e-02   1.00000000e+00   9.99975045e-01]
 [  2.14334357e-08   9.94423971e-01   1.00000000e+00   2.48943815e-13
    1.00000000e+00   1.00000000e+00   9.99904448e-01   9.99999997e-01
    9.99518662e-01   1.97813713e-02   1.00000000e+00   9.99975045e-01]
 [  2.14334357e-08   9.94423971e-01   1.00000000e+00   2.48943815e-13
    1.00000000e+00   1.00000000e+00   9.99904448e-01   9.99999997e-01
    9.99518662e-01   1.97813713e-02   1.00000000e+00   9.99975045e-01]
 [  2.14334357e-08   9.94423971e-01   1.00000000e+00   2.48943815e-13
    1.00000000e+00   1.00000000e+00   9.99904448e-01   9.99999997e-01
    9.99518662e-01   1.97813713e-02   1.00000000e+00   9.99975045e-01]
 [  2.14334357e-08   9.94423971e-01   1.00000000e+00   2.48943815e-13
    1.00000000e+00   1.00000000e+00   9.99904448e-01   9.99999997e-01
    9.99518662e-01   1.97813713e-02   1.00000000e+00   9.99975045e-01]
 [  2.14334357e-08   9.94423971e-01   1.00000000e+00   2.48943815e-13
    1.00000000e+00   1.00000000e+00   9.99904448e-01   9.99999997e-01
    9.99518662e-01   1.97813713e-02   1.00000000e+00   9.99975045e-01]
 [  2.14334357e-08   9.94423971e-01   1.00000000e+00   2.48943815e-13
    1.00000000e+00   1.00000000e+00   9.99904448e-01   9.99999997e-01
    9.99518662e-01   1.97813713e-02   1.00000000e+00   9.99975045e-01]]
Final Outputs [[ 0.5         0.47175433  0.47159629  0.5         0.47159629  0.47159629
   0.471599    0.47159629  0.47160993  0.49943753  0.47159629  0.471597  ]
 [ 0.49999999  0.07537975  0.07440586  0.5         0.07440586  0.07440586
   0.07442245  0.07440586  0.07448947  0.48753586  0.07440586  0.07441019]
 [ 0.49999999  0.06075116  0.05988091  0.5         0.05988091  0.05988091
   0.05989573  0.05988091  0.05995557  0.48638563  0.05988091  0.05988478]]
For  2
Intermediate Outputs [[  1.74577048e-02   9.99993666e-01   1.00000000e+00   5.74691751e-12
    1.00000000e+00   1.00000000e+00   1.00000000e+00   1.72338908e-04
    9.98544799e-01   9.99999999e-01   1.00000000e+00   9.99964695e-01]
 [  1.74577048e-02   9.99993666e-01   1.00000000e+00   5.74691751e-12
    1.00000000e+00   1.00000000e+00   1.00000000e+00   1.72338908e-04
    9.98544799e-01   9.99999999e-01   1.00000000e+00   9.99964695e-01]
 [  1.74577048e-02   9.99993666e-01   1.00000000e+00   5.74691751e-12
    1.00000000e+00   1.00000000e+00   1.00000000e+00   1.72338908e-04
    9.98544799e-01   9.99999999e-01   1.00000000e+00   9.99964695e-01]
 [  1.74577048e-02   9.99993666e-01   1.00000000e+00   5.74691751e-12
    1.00000000e+00   1.00000000e+00   1.00000000e+00   1.72338908e-04
    9.98544799e-01   9.99999999e-01   1.00000000e+00   9.99964695e-01]
 [  1.74577048e-02   9.99993666e-01   1.00000000e+00   5.74691751e-12
    1.00000000e+00   1.00000000e+00   1.00000000e+00   1.72338908e-04
    9.98544799e-01   9.99999999e-01   1.00000000e+00   9.99964695e-01]
 [  1.74577048e-02   9.99993666e-01   1.00000000e+00   5.74691751e-12
    1.00000000e+00   1.00000000e+00   1.00000000e+00   1.72338908e-04
    9.98544799e-01   9.99999999e-01   1.00000000e+00   9.99964695e-01]
 [  1.74577048e-02   9.99993666e-01   1.00000000e+00   5.74691751e-12
    1.00000000e+00   1.00000000e+00   1.00000000e+00   1.72338908e-04
    9.98544799e-01   9.99999999e-01   1.00000000e+00   9.99964695e-01]
 [  1.74577048e-02   9.99993666e-01   1.00000000e+00   5.74691751e-12
    1.00000000e+00   1.00000000e+00   1.00000000e+00   1.72338908e-04
    9.98544799e-01   9.99999999e-01   1.00000000e+00   9.99964695e-01]
 [  1.74577048e-02   9.99993666e-01   1.00000000e+00   5.74691751e-12
    1.00000000e+00   1.00000000e+00   1.00000000e+00   1.72338908e-04
    9.98544799e-01   9.99999999e-01   1.00000000e+00   9.99964695e-01]
 [  1.74577048e-02   9.99993666e-01   1.00000000e+00   5.74691751e-12
    1.00000000e+00   1.00000000e+00   1.00000000e+00   1.72338908e-04
    9.98544799e-01   9.99999999e-01   1.00000000e+00   9.99964695e-01]
 [  1.74577048e-02   9.99993666e-01   1.00000000e+00   5.74691751e-12
    1.00000000e+00   1.00000000e+00   1.00000000e+00   1.72338908e-04
    9.98544799e-01   9.99999999e-01   1.00000000e+00   9.99964695e-01]
 [  1.74577048e-02   9.99993666e-01   1.00000000e+00   5.74691751e-12
    1.00000000e+00   1.00000000e+00   1.00000000e+00   1.72338908e-04
    9.98544799e-01   9.99999999e-01   1.00000000e+00   9.99964695e-01]]
Final Outputs [[ 0.4995036   0.47159647  0.47159629  0.5         0.47159629  0.47159629
   0.47159629  0.4999951   0.47163754  0.47159629  0.47159629  0.47159729]
 [ 0.48899949  0.07440696  0.07440586  0.5         0.07440586  0.07440586
   0.07440586  0.49989139  0.0746589   0.07440586  0.07440586  0.07441199]
 [ 0.48798422  0.05988189  0.05988091  0.5         0.05988091  0.05988091
   0.05988091  0.49988136  0.06010689  0.05988091  0.05988091  0.05988639]]
For  5
Intermediate Outputs [[  2.01043967e-06   9.99999995e-01   9.99999998e-01   3.17975750e-04
    1.00000000e+00   9.99999997e-01   1.00000000e+00   1.00000000e+00
    6.56687461e-03   4.91894101e-01   1.00000000e+00   9.99999941e-01]
 [  2.01043967e-06   9.99999995e-01   9.99999998e-01   3.17975750e-04
    1.00000000e+00   9.99999997e-01   1.00000000e+00   1.00000000e+00
    6.56687461e-03   4.91894101e-01   1.00000000e+00   9.99999941e-01]
 [  2.01043967e-06   9.99999995e-01   9.99999998e-01   3.17975750e-04
    1.00000000e+00   9.99999997e-01   1.00000000e+00   1.00000000e+00
    6.56687461e-03   4.91894101e-01   1.00000000e+00   9.99999941e-01]
 [  2.01043967e-06   9.99999995e-01   9.99999998e-01   3.17975750e-04
    1.00000000e+00   9.99999997e-01   1.00000000e+00   1.00000000e+00
    6.56687461e-03   4.91894101e-01   1.00000000e+00   9.99999941e-01]
 [  2.01043967e-06   9.99999995e-01   9.99999998e-01   3.17975750e-04
    1.00000000e+00   9.99999997e-01   1.00000000e+00   1.00000000e+00
    6.56687461e-03   4.91894101e-01   1.00000000e+00   9.99999941e-01]
 [  2.01043967e-06   9.99999995e-01   9.99999998e-01   3.17975750e-04
    1.00000000e+00   9.99999997e-01   1.00000000e+00   1.00000000e+00
    6.56687461e-03   4.91894101e-01   1.00000000e+00   9.99999941e-01]
 [  2.01043967e-06   9.99999995e-01   9.99999998e-01   3.17975750e-04
    1.00000000e+00   9.99999997e-01   1.00000000e+00   1.00000000e+00
    6.56687461e-03   4.91894101e-01   1.00000000e+00   9.99999941e-01]
 [  2.01043967e-06   9.99999995e-01   9.99999998e-01   3.17975750e-04
    1.00000000e+00   9.99999997e-01   1.00000000e+00   1.00000000e+00
    6.56687461e-03   4.91894101e-01   1.00000000e+00   9.99999941e-01]
 [  2.01043967e-06   9.99999995e-01   9.99999998e-01   3.17975750e-04
    1.00000000e+00   9.99999997e-01   1.00000000e+00   1.00000000e+00
    6.56687461e-03   4.91894101e-01   1.00000000e+00   9.99999941e-01]
 [  2.01043967e-06   9.99999995e-01   9.99999998e-01   3.17975750e-04
    1.00000000e+00   9.99999997e-01   1.00000000e+00   1.00000000e+00
    6.56687461e-03   4.91894101e-01   1.00000000e+00   9.99999941e-01]
 [  2.01043967e-06   9.99999995e-01   9.99999998e-01   3.17975750e-04
    1.00000000e+00   9.99999997e-01   1.00000000e+00   1.00000000e+00
    6.56687461e-03   4.91894101e-01   1.00000000e+00   9.99999941e-01]
 [  2.01043967e-06   9.99999995e-01   9.99999998e-01   3.17975750e-04
    1.00000000e+00   9.99999997e-01   1.00000000e+00   1.00000000e+00
    6.56687461e-03   4.91894101e-01   1.00000000e+00   9.99999941e-01]]
Final Outputs [[ 0.49999994  0.47159629  0.47159629  0.49999096  0.47159629  0.47159629
   0.47159629  0.47159629  0.49981328  0.48601697  0.47159629  0.47159629]
 [ 0.49999873  0.07440586  0.07440586  0.4997996   0.07440586  0.07440586
   0.07440586  0.07440586  0.49586148  0.22443313  0.07440586  0.07440587]
 [ 0.49999862  0.05988091  0.05988091  0.4997811   0.05988091  0.05988091
   0.05988091  0.05988091  0.49547941  0.20513507  0.05988091  0.05988092]]
