nH: 8
hidden-output weights: [[-1.815944  1.444145 -0.391484 -5.329802 -0.887508  1.468131 -1.321704
   3.495894]
 [ 1.944543  1.029505  1.088593  1.393897  0.087673 -5.535181  2.650146
   0.484181]
 [-1.348185  1.082605 -0.524571 -5.429941  0.767654  1.814717 -1.418073
   3.249591]]
input-hidden weights [[ 0.12 -1.38  0.31 -1.11 -0.93 -0.8  -0.15 -0.95  0.73 -0.55  0.04  0.97
  -0.45  1.1  -0.26  0.89 -0.95  0.7   0.06 -0.85 -0.75  1.54 -0.46  1.15
   0.99  0.01 -1.85  0.25  1.55 -0.04 -0.67 -1.11 -1.69  0.82 -0.6   0.35
   0.06  0.93 -1.55  0.15 -1.87  0.49  0.3   0.93 -1.74 -2.72 -1.34  0.13
   1.97  1.38 -1.5  -0.22  1.46  1.8  -0.2  -0.45 -0.42  0.26  2.3  -1.89
   1.53  0.11  1.69 -0.93]
 [ 0.62 -0.37 -0.45  0.18 -1.33  1.03 -0.39  0.38  2.29  0.04  0.71  1.85
  -0.98 -1.07  0.24  0.61  0.41  0.42 -0.54  1.91  0.14 -0.61  1.65  0.44
   0.48  1.38 -0.98 -0.04 -0.79  1.88 -1.25  0.11  0.43 -0.9  -0.85  0.21
  -1.78 -0.68  0.88  0.41  0.97  0.79  0.81 -0.56 -0.38 -0.17 -0.61  2.66
  -1.09 -1.26  0.18 -1.43  0.05 -2.52 -1.05 -0.13 -0.27 -0.37 -0.85  0.55
   0.59  0.76  0.23  0.17]
 [-1.06  1.46  0.74 -1.51 -0.35 -0.43 -1.2  -0.51 -1.52  0.09 -1.85 -0.38
   1.86  1.71  0.2  -0.37  0.14 -0.42 -1.08  2.34 -0.08 -0.34 -1.12 -1.51
   2.66  0.52  1.16  0.44 -1.89 -0.55  0.4   0.85  1.25  0.54 -1.99  0.98
  -1.41  0.83  0.05 -1.51 -0.09  0.32 -0.85  0.28 -0.6   0.14 -0.44  2.21
   0.36  0.56 -0.03 -2.2   0.76 -0.32 -0.2   0.89  1.08 -0.06 -1.02 -0.87
  -0.79 -0.51 -1.8   0.26]
 [ 1.15 -0.73  0.25 -0.51 -1.32 -1.24 -0.13 -0.35  0.83 -0.1  -1.39 -0.01
   0.49 -0.33  0.58 -0.07 -1.49  0.02 -0.4  -1.26 -0.4   1.05  1.35 -1.48
   1.4  -0.5  -0.63 -1.06  0.56  1.61  1.52 -1.58 -1.33 -0.62 -0.06 -0.17
   0.24 -0.95  0.94  0.36 -0.41 -0.34  2.68  0.97 -0.13 -0.02 -0.8   1.22
  -0.87  0.12  0.31  0.18  1.19  0.55  0.29  0.8   0.33 -1.02 -0.05  0.49
   0.58  1.72 -0.17  0.24]
 [ 0.73 -0.33 -1.49  0.2  -1.62 -0.49  0.35  0.21  0.58 -0.97 -0.14  0.38
  -0.76 -0.34 -0.31 -1.35  0.92 -0.81  0.28 -0.39 -0.25 -1.58  0.3   1.87
  -0.38 -0.28 -0.3  -0.3   0.88 -0.23  0.25  0.95  0.73 -0.75  1.3  -1.48
  -0.31 -1.38  1.58 -0.14 -1.69  0.07 -0.37 -0.36 -1.1   0.39 -0.33  1.5
   0.23 -1.28 -1.98 -0.83  0.13  1.49  1.69 -0.54 -1.24  0.06  0.34 -0.25
   0.68 -2.13  1.34  1.05]
 [ 0.78  0.9  -0.48 -0.21  1.14  0.2   1.04 -0.7  -0.8  -0.52  0.36  1.9
  -0.6   0.62  0.66 -0.64 -0.32  0.64 -0.23  1.12 -0.29 -0.62 -0.55  1.49
   1.8   0.19  1.85  0.11 -1.1   0.17  0.41  1.51  1.49  0.13 -0.58  0.27
  -0.18  0.11  0.38 -0.68  1.3  -0.66  0.37 -0.68 -0.25  0.79  2.69 -0.82
   0.47  0.91 -0.09 -2.58  0.08  0.14 -0.83 -0.65  0.59  1.03 -0.14 -0.03
  -0.22 -0.6  -1.32 -0.96]
 [-0.47 -0.47  0.15  0.73 -0.9  -2.04  0.06 -0.98  0.78 -0.06 -0.56 -1.58
  -0.89 -0.39 -0.56 -0.6   0.46  0.35  0.37  0.49 -0.23 -2.69  0.72 -1.66
  -0.49 -0.45  0.15 -1.02  0.49 -0.78 -0.43 -0.05  0.92  0.39 -2.25  0.91
   0.45 -1.07  1.12 -0.85  0.04  0.11  0.05 -0.37  0.35 -0.81 -1.28  0.42
  -0.67  2.39  1.62  0.55  0.88  0.46  0.37  0.23 -0.57 -0.37  1.43 -0.86
   0.1   0.45  1.21 -1.85]
 [ 0.23 -0.01  0.22 -0.46  0.19  1.08  0.99  0.52 -0.12 -0.51  0.82 -0.86
   1.64 -0.77 -0.73  0.74  0.94  0.25 -0.01 -0.49  1.01 -0.33  0.66 -0.34
   0.67  0.44  0.66 -0.84  2.72 -1.02 -1.91  0.28  1.04 -1.07 -1.98  0.62
   1.4  -1.21  0.76  1.67  0.   -1.51 -0.51  0.11 -0.42 -1.46 -1.05 -0.68
   0.69  0.21  0.16 -0.36  0.98  0.04  0.53 -1.91  0.18  0.54  0.98 -0.09
   0.92  0.18  1.06  0.12]]
hidden-output bias [[ 0.]
 [ 0.]
 [ 0.]]
input-hidden bias [[ 0.]
 [ 0.]
 [ 0.]
 [ 0.]
 [ 0.]
 [ 0.]
 [ 0.]
 [ 0.]]
Accuracy: 98.2591358885
For  0
Intermediate Outputs [[  0.00000000e+00   1.00000000e-06   0.00000000e+00   9.95496000e-01
    0.00000000e+00   9.99998000e-01   1.00000000e-06   2.00000000e-06]
 [  0.00000000e+00   1.00000000e-06   0.00000000e+00   9.95496000e-01
    0.00000000e+00   9.99998000e-01   1.00000000e-06   2.00000000e-06]
 [  0.00000000e+00   1.00000000e-06   0.00000000e+00   9.95496000e-01
    0.00000000e+00   9.99998000e-01   1.00000000e-06   2.00000000e-06]
 [  0.00000000e+00   1.00000000e-06   0.00000000e+00   9.95496000e-01
    0.00000000e+00   9.99998000e-01   1.00000000e-06   2.00000000e-06]
 [  0.00000000e+00   1.00000000e-06   0.00000000e+00   9.95496000e-01
    0.00000000e+00   9.99998000e-01   1.00000000e-06   2.00000000e-06]
 [  0.00000000e+00   1.00000000e-06   0.00000000e+00   9.95496000e-01
    0.00000000e+00   9.99998000e-01   1.00000000e-06   2.00000000e-06]
 [  0.00000000e+00   1.00000000e-06   0.00000000e+00   9.95496000e-01
    0.00000000e+00   9.99998000e-01   1.00000000e-06   2.00000000e-06]
 [  0.00000000e+00   1.00000000e-06   0.00000000e+00   9.95496000e-01
    0.00000000e+00   9.99998000e-01   1.00000000e-06   2.00000000e-06]]
Final Outputs [[ 0.5       0.499999  0.5       0.034783  0.5       0.034282  0.499999
   0.499998]
 [ 0.5       0.500001  0.5       0.958081  0.5       0.958646  0.500001
   0.500002]
 [ 0.5       0.5       0.5       0.142087  0.5       0.141098  0.5
   0.499999]]
For  2
Intermediate Outputs [[  9.95753000e-01   0.00000000e+00   0.00000000e+00   9.99983000e-01
    0.00000000e+00   0.00000000e+00   4.37000000e-04   1.00000000e+00]
 [  9.95753000e-01   0.00000000e+00   0.00000000e+00   9.99983000e-01
    0.00000000e+00   0.00000000e+00   4.37000000e-04   1.00000000e+00]
 [  9.95753000e-01   0.00000000e+00   0.00000000e+00   9.99983000e-01
    0.00000000e+00   0.00000000e+00   4.37000000e-04   1.00000000e+00]
 [  9.95753000e-01   0.00000000e+00   0.00000000e+00   9.99983000e-01
    0.00000000e+00   0.00000000e+00   4.37000000e-04   1.00000000e+00]
 [  9.95753000e-01   0.00000000e+00   0.00000000e+00   9.99983000e-01
    0.00000000e+00   0.00000000e+00   4.37000000e-04   1.00000000e+00]
 [  9.95753000e-01   0.00000000e+00   0.00000000e+00   9.99983000e-01
    0.00000000e+00   0.00000000e+00   4.37000000e-04   1.00000000e+00]
 [  9.95753000e-01   0.00000000e+00   0.00000000e+00   9.99983000e-01
    0.00000000e+00   0.00000000e+00   4.37000000e-04   1.00000000e+00]
 [  9.95753000e-01   0.00000000e+00   0.00000000e+00   9.99983000e-01
    0.00000000e+00   0.00000000e+00   4.37000000e-04   1.00000000e+00]]
Final Outputs [[ 0.034754  0.5       0.5       0.034283  0.5       0.5       0.499635
   0.034281]
 [ 0.958114  0.5       0.5       0.958644  0.5       0.5       0.500343
   0.958646]
 [ 0.14203   0.5       0.5       0.141101  0.5       0.5       0.499803
   0.141098]]
For  5
Intermediate Outputs [[  0.00000000e+00   9.44322000e-01   5.70000000e-05   1.60800000e-03
    0.00000000e+00   1.00000000e+00   0.00000000e+00   6.12660000e-01]
 [  0.00000000e+00   9.44322000e-01   5.70000000e-05   1.60800000e-03
    0.00000000e+00   1.00000000e+00   0.00000000e+00   6.12660000e-01]
 [  0.00000000e+00   9.44322000e-01   5.70000000e-05   1.60800000e-03
    0.00000000e+00   1.00000000e+00   0.00000000e+00   6.12660000e-01]
 [  0.00000000e+00   9.44322000e-01   5.70000000e-05   1.60800000e-03
    0.00000000e+00   1.00000000e+00   0.00000000e+00   6.12660000e-01]
 [  0.00000000e+00   9.44322000e-01   5.70000000e-05   1.60800000e-03
    0.00000000e+00   1.00000000e+00   0.00000000e+00   6.12660000e-01]
 [  0.00000000e+00   9.44322000e-01   5.70000000e-05   1.60800000e-03
    0.00000000e+00   1.00000000e+00   0.00000000e+00   6.12660000e-01]
 [  0.00000000e+00   9.44322000e-01   5.70000000e-05   1.60800000e-03
    0.00000000e+00   1.00000000e+00   0.00000000e+00   6.12660000e-01]
 [  0.00000000e+00   9.44322000e-01   5.70000000e-05   1.60800000e-03
    0.00000000e+00   1.00000000e+00   0.00000000e+00   6.12660000e-01]]
Final Outputs [[ 0.5       0.040997  0.499952  0.498658  0.5       0.034281  0.5
   0.114536]
 [ 0.5       0.951123  0.500045  0.501264  0.5       0.958646  0.5
   0.872785]
 [ 0.5       0.153731  0.499974  0.499274  0.5       0.141098  0.5
   0.248508]]
