nH: 6
hidden-output weights: [[-3.480006 -4.482424  3.563131 -0.238361 -0.532967  0.793478]
 [-0.591375  4.302792 -3.706883  0.774614 -2.475962 -1.86838 ]
 [-4.323125 -4.199071  2.83604   1.701353  0.148113  1.203088]]
input-hidden weights [[ 1.52  0.29 -0.54 -1.43 -0.2  -0.76  0.05  1.08 -0.76 -1.01 -0.01 -0.87
   1.02  0.55  0.74 -0.52 -0.82  0.01 -0.5   0.06 -0.12  1.36  1.05 -2.23
  -1.36 -0.35 -0.6  -3.11  0.21  0.24  1.38  0.04  3.31  0.45 -0.05  0.22
   0.35  0.56  1.09  0.2  -0.81  1.45  1.78  0.13 -1.11 -1.71  0.6  -0.72
  -0.33  0.95 -0.6   0.96  1.26  0.84 -0.95 -1.1  -1.45  0.95 -0.51  0.31
   0.23 -0.01 -0.73 -1.17]
 [-1.18 -1.5  -1.1  -0.93 -1.24 -1.13 -0.92 -0.04 -0.84  0.51 -0.62 -0.79
  -0.82  0.67 -0.11  0.6   0.35  0.17  0.83 -0.96  1.01  1.12  0.29  1.51
  -0.77 -1.71 -1.05 -1.1   0.27 -1.58  2.25  0.27 -0.22 -1.36  0.5  -1.46
  -0.95  0.43 -1.52 -1.04  0.02  0.62  1.81  1.66  0.23  0.54 -0.18  2.02
  -0.17  0.29  1.26  0.52  1.41  0.68  0.62 -0.29 -0.16  0.66  1.01 -0.48
   1.3   1.16 -0.55  1.05]
 [ 0.28 -0.78  0.93  0.38  2.16 -0.04 -0.75 -0.86 -0.45 -0.61  0.29  0.43
   0.07  1.16  0.9   0.29  1.39 -0.12  1.37  0.62  1.27 -1.45 -0.76  1.21
  -0.68  0.82  0.74  0.07 -0.6   0.19  1.55  0.19  0.72 -1.12  1.72 -0.54
  -1.18  0.77  0.7   0.11 -0.79  0.09 -0.3  -1.1   0.37  0.73  1.28  0.55
   0.98 -1.24 -0.81  0.02 -1.76 -0.41 -1.16 -1.17  0.59  0.81 -0.06 -0.95
  -0.2  -1.39 -1.79 -1.65]
 [-0.77  0.45 -0.34 -0.21 -1.18  0.88  1.09 -0.62  1.31 -0.24  0.26 -0.95
   0.86  0.1  -0.43 -0.34 -0.21  0.05  1.23 -0.18  1.32  0.38 -0.45  1.54
   1.4   0.56 -1.12 -0.68 -0.81 -1.26 -0.64  0.47 -1.15 -1.34  0.67  0.57
  -0.56  0.49  1.57 -0.63 -0.18  0.84  2.4   0.71  0.11 -2.63 -0.61 -0.78
  -0.54  1.22 -0.06 -1.43  0.2   0.6  -2.61  0.4  -0.34 -0.54 -0.56 -0.59
  -1.79 -0.82 -0.16 -1.72]
 [-0.9   0.81 -0.29 -1.49  0.95  0.87  1.63 -0.91  0.12 -1.67  0.78  0.17
  -0.1  -2.84 -0.79 -0.2   0.37 -0.31  0.79  0.04 -1.12  0.13  1.54  2.18
  -1.11  0.21  0.8  -0.25  0.68  0.73 -0.78  0.66  0.52  1.79  0.19 -0.67
  -0.85  0.7   0.49  1.27 -2.81 -0.98  0.53 -0.85 -1.52  0.79  0.53  1.88
   0.86 -0.65  1.2   0.23 -1.04  0.9  -1.02 -0.16  0.99 -1.98 -0.65 -0.73
   1.28 -0.13 -0.98  1.68]
 [ 0.81  0.49  1.74 -1.21  0.2   1.23  0.14  0.99  0.63 -1.83 -0.3  -0.72
  -0.15  0.95 -0.13 -1.12  0.64  1.05  0.26  1.56 -0.79 -1.07 -0.51  1.13
  -0.85  1.2   0.96  0.69 -1.11  0.57  1.12  0.15 -0.98  0.21  1.44 -0.51
   0.69  0.46 -0.48  1.36 -2.06  0.53  1.27 -1.48 -0.46 -0.15 -0.91 -1.44
  -1.8   0.25 -0.39  1.06 -0.28  0.42 -0.22 -0.81 -1.53 -1.03 -0.77 -0.14
   0.24 -0.31 -2.35  2.33]]
hidden-output bias [[ 0.]
 [ 0.]
 [ 0.]]
input-hidden bias [[ 0.]
 [ 0.]
 [ 0.]
 [ 0.]
 [ 0.]
 [ 0.]]
Accuracy: 98.15470383275261
For  0
Intermediate Outputs [[ 0.985586  1.        0.        0.        0.        0.      ]
 [ 0.985586  1.        0.        0.        0.        0.      ]
 [ 0.985586  1.        0.        0.        0.        0.      ]
 [ 0.985586  1.        0.        0.        0.        0.      ]
 [ 0.985586  1.        0.        0.        0.        0.      ]
 [ 0.985586  1.        0.        0.        0.        0.      ]]
Final Outputs [[ 0.335766  0.333545  0.5       0.5       0.5       0.5     ]
 [ 0.993093  0.993574  0.5       0.5       0.5       0.5     ]
 [ 0.226914  0.223784  0.5       0.5       0.5       0.5     ]]
For  2
Intermediate Outputs [[  9.99698000e-01   1.00000000e+00   0.00000000e+00   0.00000000e+00
    9.99999000e-01   8.59000000e-04]
 [  9.99698000e-01   1.00000000e+00   0.00000000e+00   0.00000000e+00
    9.99999000e-01   8.59000000e-04]
 [  9.99698000e-01   1.00000000e+00   0.00000000e+00   0.00000000e+00
    9.99999000e-01   8.59000000e-04]
 [  9.99698000e-01   1.00000000e+00   0.00000000e+00   0.00000000e+00
    9.99999000e-01   8.59000000e-04]
 [  9.99698000e-01   1.00000000e+00   0.00000000e+00   0.00000000e+00
    9.99999000e-01   8.59000000e-04]
 [  9.99698000e-01   1.00000000e+00   0.00000000e+00   0.00000000e+00
    9.99999000e-01   8.59000000e-04]]
Final Outputs [[ 0.333591  0.333545  0.5       0.5       0.333545  0.499851]
 [ 0.993564  0.993574  0.5       0.5       0.993574  0.501083]
 [ 0.22385   0.223784  0.5       0.5       0.223785  0.499733]]
For  5
Intermediate Outputs [[ 0.9977    0.999998  0.        0.        0.        1.      ]
 [ 0.9977    0.999998  0.        0.        0.        1.      ]
 [ 0.9977    0.999998  0.        0.        0.        1.      ]
 [ 0.9977    0.999998  0.        0.        0.        1.      ]
 [ 0.9977    0.999998  0.        0.        0.        1.      ]
 [ 0.9977    0.999998  0.        0.        0.        1.      ]]
Final Outputs [[ 0.333899  0.333545  0.5       0.5       0.5       0.333545]
 [ 0.993499  0.993574  0.5       0.5       0.5       0.993574]
 [ 0.224282  0.223785  0.5       0.5       0.5       0.223784]]
